model:
  dropout: 0.015109272311707627
training:
  learning_rate: 0.0004261048691340846
  weight_decay: 0.019045268527862973
  beta2: 0.9331738698715283
  warmup_steps: 150
  grad_clip: 1.9053034527769108
  lr_schedule: wsd
  lr_decay_ratio: 0.22958739028601083
  batch_size: 64
  gradient_accumulation_steps: 4
  z_loss_coeff: 0.0006540025729025246
  min_lr: 4.2610486913408465e-05
